

pro proba
FOR i=0, 120 DO BEGIN
utc=10.+i/60.
RT32_SUN_POSITION, 2024,3,8, utc, az,el, /REFRA
print, i, utc, az, el
ENDFOR
end

0      10.0000       167.86969       27.252956
       1      10.0167       168.14819       27.281049
       2      10.0333       168.42685       27.308506
       3      10.0500       168.70564       27.335323
       4      10.0667       168.98458       27.361501
       5      10.0833       169.26366       27.387039
       6      10.1000       169.54289       27.411938
       7      10.1167       169.82224       27.436193
       8      10.1333       170.10172       27.459805
       9      10.1500       170.38133       27.482774
      10      10.1667       170.66108       27.505100
      11      10.1833       170.94093       27.526779
      12      10.2000       171.22090       27.547812
      13      10.2167       171.50099       27.568198
      14      10.2333       171.78120       27.587938
      15      10.2500       172.06150       27.607029
      16      10.2667       172.34190       27.625470
      17      10.2833       172.62242       27.643263
      18      10.3000       172.90303       27.660405
      19      10.3167       173.18372       27.676895
      20      10.3333       173.46451       27.692735
      21      10.3500       173.74539       27.707923
      22      10.3667       174.02635       27.722457
      23      10.3833       174.30738       27.736338
      24      10.4000       174.58849       27.749566
      25      10.4167       174.86968       27.762140
      26      10.4333       175.15093       27.774059
      27      10.4500       175.43224       27.785322
      28      10.4667       175.71362       27.795930
      29      10.4833       175.99507       27.805883
      30      10.5000       176.27655       27.815179
      31      10.5167       176.55809       27.823819
      32      10.5333       176.83968       27.831802
      33      10.5500       177.12131       27.839127
      34      10.5667       177.40297       27.845795
      35      10.5833       177.68467       27.851805
      36      10.6000       177.96642       27.857158
      37      10.6167       178.24818       27.861852
      38      10.6333       178.52996       27.865888
      39      10.6500       178.81177       27.869265
      40      10.6667       179.09361       27.871984
      41      10.6833       179.37544       27.874044
      42      10.7000       179.65729       27.875446
      43      10.7167       179.93914       27.876188
      44      10.7333       180.22101       27.876272
      45      10.7500       180.50286       27.875697
      46      10.7667       180.78471       27.874464
      47      10.7833       181.06657       27.872571
      48      10.8000       181.34839       27.870020
      49      10.8167       181.63020       27.866811
      50      10.8333       181.91200       27.862943
      51      10.8500       182.19378       27.858416
      52      10.8667       182.47552       27.853232
      53      10.8833       182.75723       27.847389
      54      10.9000       183.03891       27.840889
      55      10.9167       183.32056       27.833731
      56      10.9333       183.60215       27.825917
      57      10.9500       183.88370       27.817445
      58      10.9667       184.16521       27.808317
      59      10.9833       184.44667       27.798533
      60      11.0000       184.72806       27.788093
      61      11.0167       185.00939       27.776997
      62      11.0333       185.29066       27.765247
      63      11.0500       185.57188       27.752841
      64      11.0667       185.85301       27.739781
      65      11.0833       186.13407       27.726069
      66      11.1000       186.41506       27.711702
      67      11.1167       186.69596       27.696683
      68      11.1333       186.97677       27.681012
      69      11.1500       187.25750       27.664690
      70      11.1667       187.53815       27.647716
      71      11.1833       187.81868       27.630093
      72      11.2000       188.09912       27.611820
      73      11.2167       188.37947       27.592898
      74      11.2333       188.65970       27.573328
      75      11.2500       188.93982       27.553111
      76      11.2667       189.21983       27.532247
      77      11.2833       189.49972       27.510737
      78      11.3000       189.77951       27.488580
      79      11.3167       190.05916       27.465781
      80      11.3333       190.33868       27.442338
      81      11.3500       190.61809       27.418251
      82      11.3667       190.89734       27.393523
      83      11.3833       191.17647       27.368155
      84      11.4000       191.45545       27.342147
      85      11.4167       191.73431       27.315498
      86      11.4333       192.01300       27.288212
      87      11.4500       192.29155       27.260290
      88      11.4667       192.56996       27.231730
      89      11.4833       192.84819       27.202536
      90      11.5000       193.12627       27.172709
      91      11.5167       193.40419       27.142248
      92      11.5333       193.68194       27.111156
      93      11.5500       193.95954       27.079432
      94      11.5667       194.23695       27.047079
      95      11.5833       194.51419       27.014098
      96      11.6000       194.79127       26.980488
      97      11.6167       195.06815       26.946254
      98      11.6333       195.34484       26.911395
      99      11.6500       195.62136       26.875913
     100      11.6667       195.89769       26.839806
     101      11.6833       196.17382       26.803080
     102      11.7000       196.44976       26.765735
     103      11.7167       196.72551       26.727768
     104      11.7333       197.00105       26.689187
     105      11.7500       197.27639       26.649990
     106      11.7667       197.55152       26.610179
     107      11.7833       197.82644       26.569754
     108      11.8000       198.10116       26.528716
     109      11.8167       198.37566       26.487070
     110      11.8333       198.64994       26.444815
     111      11.8500       198.92401       26.401950
     112      11.8667       199.19785       26.358482
     113      11.8833       199.47147       26.314409
     114      11.9000       199.74485       26.269734
     115      11.9167       200.01803       26.224455
     116      11.9333       200.29095       26.178579
     117      11.9500       200.56365       26.132104
     118      11.9667       200.83612       26.085030
     119      11.9833       201.10833       26.037363
     120      12.0000       201.38031       25.989084